5 0.7890410958904109 0.6435845213849286 0.8246575342465754 0.6415478615071283 0.8684931506849315 0.6517311608961303 0.8986301369863013 0.6476578411405295 0.863013698630137 0.5824847250509164 0.7698630136986302 0.5600814663951119 0.7452054794520548 0.570264765784114 0.7452054794520548 0.5845213849287169 0.7890410958904109 0.6435845213849286
5 0.6712328767123288 0.6334012219959266 0.7589041095890411 0.6782077393075355 0.7643835616438356 0.645621181262729 0.736986301369863 0.5987780040733197 0.726027397260274 0.5539714867617107 0.684931506849315 0.5437881873727087 0.6575342465753424 0.5723014256619144 0.6547945205479452 0.6069246435845214 0.6712328767123288 0.6334012219959266
5 0.726027397260274 0.5397148676171079 0.8410958904109589 0.47454175152749484 0.8575342465753425 0.44195519348268836 0.7726027397260274 0.45010183299389 0.6876712328767123 0.5071283095723014 0.6876712328767123 0.5274949083503054 0.726027397260274 0.5397148676171079
5 0.6356164383561644 0.6272912423625254 0.6520547945205479 0.6130346232179226 0.6520547945205479 0.5784114052953157 0.6657534246575343 0.5458248472505091 0.6383561643835617 0.5295315682281059 0.6109589041095891 0.5600814663951119 0.6082191780821918 0.5987780040733197 0.6356164383561644 0.6272912423625254
5 0.23835616438356164 0.5804480651731161 0.3232876712328767 0.5621181262729124 0.37534246575342467 0.5621181262729124 0.3863013698630137 0.5560081466395111 0.38904109589041097 0.5376782077393075 0.36164383561643837 0.5112016293279021 0.32602739726027397 0.5091649694501018 0.2904109589041096 0.5234215885947047 0.26575342465753427 0.5458248472505091 0.2054794520547945 0.5621181262729124 0.19726027397260273 0.5580448065173116 0.21095890410958903 0.5743380855397148 0.23835616438356164 0.5804480651731161
5 0.3780821917808219 0.6109979633401221 0.4136986301369863 0.6048879837067209 0.4383561643835616 0.5804480651731161 0.4328767123287671 0.5193482688391038 0.4054794520547945 0.5234215885947047 0.3726027397260274 0.5906313645621181 0.3780821917808219 0.6109979633401221
5 0.3452054794520548 0.4928716904276985 0.38904109589041097 0.5071283095723014 0.41643835616438357 0.5071283095723014 0.37534246575342467 0.44195519348268836 0.3095890410958904 0.44195519348268836 0.31232876712328766 0.4623217922606924 0.3452054794520548 0.4928716904276985
5 0.4931506849315069 0.3441955193482688 0.5205479452054794 0.36048879837067205 0.5424657534246575 0.35845213849287166 0.5780821917808219 0.32790224032586557 0.6 0.2912423625254582 0.6 0.175152749490835 0.536986301369863 0.21384928716904275 0.4986301369863014 0.24847250509164967 0.4821917808219178 0.27698574338085535 0.4794520547945206 0.3156822810590631 0.4931506849315069 0.3441955193482688
2 0.263013698630137 0.7413441955193482 0.3452054794520548 0.7046843177189409 0.3589041095890411 0.6863543788187372 0.3561643835616438 0.6659877800407331 0.3232876712328767 0.645621181262729 0.27123287671232876 0.6476578411405295 0.2273972602739726 0.6720977596741343 0.19726027397260273 0.7067209775967412 0.19452054794520549 0.7331975560081466 0.263013698630137 0.7413441955193482
2 0.39452054794520547 0.755600814663951 0.46301369863013697 0.7922606924643584 0.5150684931506849 0.7739307535641547 0.5643835616438356 0.7230142566191445 0.4931506849315069 0.6720977596741343 0.4410958904109589 0.6680244399185336 0.3917808219178082 0.6843177189409368 0.3835616438356164 0.7209775967413441 0.39452054794520547 0.755600814663951
2 0.5561643835616439 0.8431771894093686 0.589041095890411 0.8533604887983706 0.6191780821917808 0.8452138492871689 0.6410958904109589 0.8167006109979633 0.6410958904109589 0.7922606924643584 0.6219178082191781 0.7576374745417515 0.5726027397260274 0.7372708757637474 0.5506849315068493 0.7433808553971486 0.5315068493150685 0.7678207739307535 0.5287671232876713 0.8085539714867617 0.5561643835616439 0.8431771894093686
2 0.6876712328767123 0.8513238289205702 0.7178082191780822 0.855397148676171 0.7616438356164383 0.8289205702647657 0.7753424657534247 0.8065173116089612 0.7753424657534247 0.7759674134419551 0.7534246575342466 0.7535641547861507 0.6958904109589041 0.7433808553971486 0.6383561643835617 0.7596741344195519 0.6493150684931507 0.8085539714867617 0.6876712328767123 0.8513238289205702
2 0.5835616438356165 0.7331975560081466 0.6164383561643836 0.7474541751527494 0.6876712328767123 0.7413441955193482 0.715068493150685 0.7128309572301424 0.7095890410958904 0.680244399185336 0.673972602739726 0.6537678207739307 0.6109589041095891 0.6598778004073319 0.5726027397260274 0.6904276985743381 0.5698630136986301 0.7169042769857433 0.5835616438356165 0.7331975560081466
2 0.40273972602739727 0.9287169042769856 0.4301369863013699 0.9470468431771893 0.5095890410958904 0.9613034623217922 0.5287671232876713 0.9572301425661913 0.536986301369863 0.9164969450101832 0.5232876712328767 0.8839103869653767 0.4383561643835616 0.7881873727087576 0.42191780821917807 0.7820773930753564 0.4 0.7922606924643584 0.37534246575342467 0.8329938900203665 0.37534246575342467 0.8798370672097758 0.40273972602739727 0.9287169042769856