4 0.623046875 0.423828125 0.6181640625 0.41796875 0.58203125 0.4091796875 0.568359375 0.412109375 0.5390625 0.40625 0.5234375 0.4111328125 0.509765625 0.4189453125 0.5 0.4443359375 0.4765625 0.46484375 0.4501953125 0.5087890625 0.4404296875 0.5546875 0.4404296875 0.591796875 0.44921875 0.599609375 0.474609375 0.5947265625 0.5263671875 0.599609375 0.5888671875 0.6259765625 0.650390625 0.6171875 0.6806640625 0.5947265625 0.7060546875 0.5595703125 0.7197265625 0.5185546875 0.7236328125 0.4765625 0.6884765625 0.447265625 0.6767578125 0.4443359375 0.6728515625 0.4375 0.650390625 0.427734375 0.623046875 0.423828125
5 0.44140625 0.7705078125 0.455078125 0.791015625 0.458984375 0.8212890625 0.48046875 0.80859375 0.51171875 0.8037109375 0.515625 0.841796875 0.5830078125 0.828125 0.5830078125 0.8212890625 0.599609375 0.8173828125 0.603515625 0.8115234375 0.60546875 0.79296875 0.6103515625 0.791015625 0.6201171875 0.7666015625 0.6162109375 0.759765625 0.4638671875 0.626953125 0.455078125 0.6298828125 0.435546875 0.681640625 0.4326171875 0.7314453125 0.44140625 0.7705078125
4 0.3564453125 0.630859375 0.3447265625 0.6669921875 0.3388671875 0.720703125 0.3408203125 0.7314453125 0.3642578125 0.7666015625 0.369140625 0.7802734375 0.36328125 0.7861328125 0.3583984375 0.802734375 0.3515625 0.8056640625 0.3544921875 0.8251953125 0.3720703125 0.853515625 0.416015625 0.8935546875 0.4287109375 0.91015625 0.44921875 0.8076171875 0.4482421875 0.7890625 0.4384765625 0.76953125 0.4306640625 0.7333984375 0.4306640625 0.6982421875 0.4365234375 0.66796875 0.451171875 0.630859375 0.4501953125 0.623046875 0.4375 0.5986328125 0.4326171875 0.578125 0.416015625 0.560546875 0.3916015625 0.5771484375 0.3564453125 0.630859375
2 0.814453125 0.1484375 0.791015625 0.1845703125 0.779296875 0.2158203125 0.76953125 0.2626953125 0.7744140625 0.2998046875 0.7802734375 0.31640625 0.7890625 0.326171875 0.8076171875 0.3369140625 0.845703125 0.330078125 0.8603515625 0.322265625 0.880859375 0.30078125 0.916015625 0.236328125 0.927734375 0.1748046875 0.9267578125 0.1474609375 0.9189453125 0.1201171875 0.89453125 0.109375 0.857421875 0.1142578125 0.8408203125 0.123046875 0.814453125 0.1484375
2 0.73828125 0.365234375 0.716796875 0.4013671875 0.7158203125 0.423828125 0.70703125 0.4423828125 0.70703125 0.453125 0.7294921875 0.482421875 0.7109375 0.5625 0.7177734375 0.5810546875 0.73828125 0.5986328125 0.7451171875 0.5986328125 0.76171875 0.58203125 0.77734375 0.5537109375 0.7900390625 0.51171875 0.7978515625 0.4638671875 0.8203125 0.390625 0.8203125 0.357421875 0.8154296875 0.3486328125 0.7998046875 0.3369140625 0.7861328125 0.333984375 0.76953125 0.3388671875 0.73828125 0.365234375
2 0.4345703125 0.890625 0.4326171875 0.9326171875 0.423828125 0.9755859375 0.4248046875 0.9990234375 0.591796875 0.9990234375 0.58984375 0.9814453125 0.552734375 0.91796875 0.5283203125 0.8974609375 0.4755859375 0.87890625 0.45703125 0.8798828125 0.4345703125 0.890625
2 0.2197265625 0.7421875 0.2080078125 0.775390625 0.208984375 0.7958984375 0.22265625 0.8310546875 0.2548828125 0.859375 0.26171875 0.8583984375 0.291015625 0.810546875 0.2958984375 0.7939453125 0.3037109375 0.783203125 0.3046875 0.7451171875 0.3310546875 0.712890625 0.33203125 0.69921875 0.2998046875 0.6904296875 0.283203125 0.701171875 0.2685546875 0.7021484375 0.2421875 0.7177734375 0.2197265625 0.7421875
2 0.1240234375 0.9990234375 0.158203125 0.9990234375 0.19921875 0.9072265625 0.2138671875 0.8935546875 0.212890625 0.8896484375 0.1884765625 0.87109375 0.17578125 0.87109375 0.1552734375 0.87890625 0.140625 0.8955078125 0.1240234375 0.9990234375
2 0.1474609375 0.64453125 0.1474609375 0.6630859375 0.15625 0.6845703125 0.1513671875 0.7060546875 0.150390625 0.73828125 0.154296875 0.751953125 0.166015625 0.7666015625 0.1796875 0.76953125 0.1943359375 0.7626953125 0.212890625 0.740234375 0.2509765625 0.6611328125 0.2490234375 0.6533203125 0.22265625 0.609375 0.201171875 0.5947265625 0.1748046875 0.59765625 0.1591796875 0.6123046875 0.1474609375 0.64453125
2 0.09375 0.71484375 0.083984375 0.740234375 0.0830078125 0.7607421875 0.091796875 0.783203125 0.1005859375 0.791015625 0.1181640625 0.7939453125 0.1318359375 0.7822265625 0.1474609375 0.736328125 0.1533203125 0.697265625 0.1484375 0.68359375 0.1376953125 0.66796875 0.130859375 0.6669921875 0.1171875 0.69140625 0.099609375 0.7041015625 0.09375 0.71484375
2 0.1015625 0.41796875 0.0947265625 0.4912109375 0.0966796875 0.501953125 0.0869140625 0.513671875 0.0830078125 0.5439453125 0.0888671875 0.603515625 0.091796875 0.591796875 0.1181640625 0.5888671875 0.13671875 0.5732421875 0.1416015625 0.5625 0.1630859375 0.447265625 0.18359375 0.380859375 0.1806640625 0.3720703125 0.173828125 0.3671875 0.1357421875 0.36328125 0.1259765625 0.37109375 0.11328125 0.390625 0.1015625 0.41796875
2 0.2412109375 0 0.2470703125 0.060546875 0.2626953125 0.1142578125 0.296875 0.1884765625 0.3193359375 0.2119140625 0.33203125 0.2177734375 0.35546875 0.203125 0.380859375 0.14453125 0.384765625 0.1142578125 0.3984375 0.0654296875 0.40234375 0 0.2412109375 0
2 1 0.3857421875 0.9951171875 0.384765625 0.9755859375 0.38671875 0.953125 0.3974609375 0.91796875 0.42578125 0.91015625 0.4423828125 0.9052734375 0.4453125 0.8896484375 0.5078125 0.880859375 0.56640625 0.8837890625 0.6181640625 0.91015625 0.658203125 0.91796875 0.6806640625 0.9453125 0.6953125 0.9677734375 0.7001953125 1 0.693359375 1 0.3857421875
2 0.3623046875 0.41796875 0.3544921875 0.43359375 0.35546875 0.453125 0.37109375 0.4716796875 0.3935546875 0.478515625 0.4189453125 0.474609375 0.431640625 0.4677734375 0.45703125 0.4716796875 0.4619140625 0.466796875 0.46484375 0.431640625 0.443359375 0.408203125 0.427734375 0.396484375 0.412109375 0.390625 0.380859375 0.40234375 0.3623046875 0.41796875