4 0.2939453125 0.5595703125 0.3193359375 0.5947265625 0.349609375 0.6171875 0.4111328125 0.6259765625 0.4736328125 0.599609375 0.525390625 0.5947265625 0.55078125 0.599609375 0.5595703125 0.591796875 0.5595703125 0.5546875 0.5498046875 0.5087890625 0.5234375 0.46484375 0.5 0.4443359375 0.490234375 0.4189453125 0.4765625 0.4111328125 0.4609375 0.40625 0.431640625 0.412109375 0.41796875 0.4091796875 0.3818359375 0.41796875 0.376953125 0.423828125 0.349609375 0.427734375 0.3271484375 0.4375 0.3232421875 0.4443359375 0.3115234375 0.447265625 0.2763671875 0.4765625 0.2802734375 0.5185546875 0.2939453125 0.5595703125
5 0.3896484375 0.791015625 0.39453125 0.79296875 0.396484375 0.8115234375 0.400390625 0.8173828125 0.4169921875 0.8212890625 0.4169921875 0.828125 0.484375 0.841796875 0.48828125 0.8037109375 0.51953125 0.80859375 0.541015625 0.8212890625 0.544921875 0.791015625 0.55859375 0.7705078125 0.5673828125 0.7314453125 0.564453125 0.681640625 0.544921875 0.6298828125 0.5361328125 0.626953125 0.3837890625 0.759765625 0.3798828125 0.7666015625 0.3896484375 0.791015625
4 0.5634765625 0.66796875 0.5693359375 0.6982421875 0.5693359375 0.7333984375 0.5615234375 0.76953125 0.5517578125 0.7890625 0.55078125 0.8076171875 0.5712890625 0.91015625 0.583984375 0.8935546875 0.6279296875 0.853515625 0.6455078125 0.8251953125 0.6484375 0.8056640625 0.6416015625 0.802734375 0.63671875 0.7861328125 0.630859375 0.7802734375 0.6357421875 0.7666015625 0.6591796875 0.7314453125 0.6611328125 0.720703125 0.6552734375 0.6669921875 0.6435546875 0.630859375 0.6083984375 0.5771484375 0.583984375 0.560546875 0.5673828125 0.578125 0.5625 0.5986328125 0.5498046875 0.623046875 0.548828125 0.630859375 0.5634765625 0.66796875
2 0.083984375 0.236328125 0.119140625 0.30078125 0.1396484375 0.322265625 0.154296875 0.330078125 0.1923828125 0.3369140625 0.2109375 0.326171875 0.2197265625 0.31640625 0.2255859375 0.2998046875 0.23046875 0.2626953125 0.220703125 0.2158203125 0.208984375 0.1845703125 0.185546875 0.1484375 0.1591796875 0.123046875 0.142578125 0.1142578125 0.10546875 0.109375 0.0810546875 0.1201171875 0.0732421875 0.1474609375 0.072265625 0.1748046875 0.083984375 0.236328125
2 0.2021484375 0.4638671875 0.2099609375 0.51171875 0.22265625 0.5537109375 0.23828125 0.58203125 0.2548828125 0.5986328125 0.26171875 0.5986328125 0.2822265625 0.5810546875 0.2890625 0.5625 0.2705078125 0.482421875 0.29296875 0.453125 0.29296875 0.4423828125 0.2841796875 0.423828125 0.283203125 0.4013671875 0.26171875 0.365234375 0.23046875 0.3388671875 0.2138671875 0.333984375 0.2001953125 0.3369140625 0.1845703125 0.3486328125 0.1796875 0.357421875 0.1796875 0.390625 0.2021484375 0.4638671875
2 0.5751953125 0.9990234375 0.576171875 0.9755859375 0.5673828125 0.9326171875 0.5654296875 0.890625 0.54296875 0.8798828125 0.5244140625 0.87890625 0.4716796875 0.8974609375 0.447265625 0.91796875 0.41015625 0.9814453125 0.408203125 0.9990234375 0.5751953125 0.9990234375
2 0.6953125 0.7451171875 0.6962890625 0.783203125 0.7041015625 0.7939453125 0.708984375 0.810546875 0.73828125 0.8583984375 0.7451171875 0.859375 0.77734375 0.8310546875 0.791015625 0.7958984375 0.7919921875 0.775390625 0.7802734375 0.7421875 0.7578125 0.7177734375 0.7314453125 0.7021484375 0.716796875 0.701171875 0.7001953125 0.6904296875 0.66796875 0.69921875 0.6689453125 0.712890625 0.6953125 0.7451171875
2 0.80078125 0.9072265625 0.841796875 0.9990234375 0.8759765625 0.9990234375 0.859375 0.8955078125 0.8447265625 0.87890625 0.82421875 0.87109375 0.8115234375 0.87109375 0.787109375 0.8896484375 0.7861328125 0.8935546875 0.80078125 0.9072265625
2 0.787109375 0.740234375 0.8056640625 0.7626953125 0.8203125 0.76953125 0.833984375 0.7666015625 0.845703125 0.751953125 0.849609375 0.73828125 0.8486328125 0.7060546875 0.84375 0.6845703125 0.8525390625 0.6630859375 0.8525390625 0.64453125 0.8408203125 0.6123046875 0.8251953125 0.59765625 0.798828125 0.5947265625 0.77734375 0.609375 0.7509765625 0.6533203125 0.7490234375 0.6611328125 0.787109375 0.740234375
2 0.8525390625 0.736328125 0.8681640625 0.7822265625 0.8818359375 0.7939453125 0.8994140625 0.791015625 0.908203125 0.783203125 0.9169921875 0.7607421875 0.916015625 0.740234375 0.90625 0.71484375 0.900390625 0.7041015625 0.8828125 0.69140625 0.869140625 0.6669921875 0.8623046875 0.66796875 0.8515625 0.68359375 0.8466796875 0.697265625 0.8525390625 0.736328125
2 0.8369140625 0.447265625 0.8583984375 0.5625 0.86328125 0.5732421875 0.8818359375 0.5888671875 0.908203125 0.591796875 0.9111328125 0.603515625 0.9169921875 0.5439453125 0.9130859375 0.513671875 0.9033203125 0.501953125 0.9052734375 0.4912109375 0.8984375 0.41796875 0.88671875 0.390625 0.8740234375 0.37109375 0.8642578125 0.36328125 0.826171875 0.3671875 0.8193359375 0.3720703125 0.81640625 0.380859375 0.8369140625 0.447265625
2 0.615234375 0.1142578125 0.619140625 0.14453125 0.64453125 0.203125 0.66796875 0.2177734375 0.6806640625 0.2119140625 0.703125 0.1884765625 0.7373046875 0.1142578125 0.7529296875 0.060546875 0.7587890625 0 0.59765625 0 0.6015625 0.0654296875 0.615234375 0.1142578125
2 0 0.693359375 0.0322265625 0.7001953125 0.0546875 0.6953125 0.08203125 0.6806640625 0.08984375 0.658203125 0.1162109375 0.6181640625 0.119140625 0.56640625 0.1103515625 0.5078125 0.0947265625 0.4453125 0.08984375 0.4423828125 0.08203125 0.42578125 0.046875 0.3974609375 0.0244140625 0.38671875 0.0048828125 0.384765625 0 0.3857421875 0 0.693359375
2 0.54296875 0.4716796875 0.568359375 0.4677734375 0.5810546875 0.474609375 0.6064453125 0.478515625 0.62890625 0.4716796875 0.64453125 0.453125 0.6455078125 0.43359375 0.6376953125 0.41796875 0.619140625 0.40234375 0.587890625 0.390625 0.572265625 0.396484375 0.556640625 0.408203125 0.53515625 0.431640625 0.5380859375 0.466796875 0.54296875 0.4716796875