2 0.33152173913043476 0.8397565922920892 0.3641304347826087 0.8194726166328601 0.3858695652173913 0.7890466531440162 0.40217391304347827 0.6774847870182555 0.38315217391304346 0.6531440162271805 0.3559782608695652 0.6531440162271805 0.33695652173913043 0.6673427991886409 0.29891304347826086 0.742393509127789 0.3016304347826087 0.8012170385395537 0.33152173913043476 0.8397565922920892
2 0.44565217391304346 0.847870182555781 0.4945652173913043 0.9168356997971603 0.5271739130434783 0.9350912778904665 0.595108695652174 0.9290060851926978 0.6005434782608695 0.896551724137931 0.5679347826086957 0.8661257606490872 0.4891304347826087 0.8377281947261663 0.44565217391304346 0.8377281947261663 0.44565217391304346 0.847870182555781
2 0.6956521739130435 0.9574036511156186 0.7608695652173912 0.9655172413793103 0.8070652173913043 0.9513184584178499 0.8016304347826086 0.9269776876267748 0.7445652173913043 0.8864097363083164 0.7092391304347826 0.8782961460446247 0.671195652173913 0.8803245436105477 0.6385869565217391 0.8945233265720081 0.6467391304347826 0.9290060851926978 0.6956521739130435 0.9574036511156186
2 0.625 0.8296146044624746 0.6630434782608695 0.8235294117647058 0.7038043478260869 0.7789046653144016 0.7255434782608695 0.7119675456389453 0.7092391304347826 0.7079107505070994 0.6657608695652174 0.7261663286004056 0.6086956521739131 0.7728194726166329 0.6141304347826086 0.8235294117647058 0.625 0.8296146044624746
2 0.5652173913043478 0.8559837728194726 0.6086956521739131 0.8945233265720081 0.6385869565217391 0.8701825557809331 0.6358695652173912 0.845841784989858 0.592391304347826 0.7910750507099391 0.5733695652173912 0.7849898580121704 0.5489130434782609 0.7991886409736308 0.5461956521739131 0.8174442190669371 0.5652173913043478 0.8559837728194726
2 0.7010869565217391 0.8722109533468559 0.7391304347826086 0.8438133874239351 0.7527173913043478 0.8174442190669371 0.7445652173913043 0.8113590263691683 0.7119565217391304 0.8154158215010142 0.6684782608695652 0.847870182555781 0.6657608695652174 0.8722109533468559 0.7010869565217391 0.8722109533468559
2 0.8097826086956521 0.8985801217038539 0.8206521739130435 0.9006085192697768 0.8451086956521738 0.8762677484787018 0.8559782608695652 0.8438133874239351 0.8532608695652174 0.7403651115618661 0.8396739130434783 0.7079107505070994 0.8043478260869565 0.7099391480730223 0.779891304347826 0.7849898580121704 0.7826086956521738 0.8620689655172413 0.8097826086956521 0.8985801217038539
2 0.8288043478260869 0.691683569979716 0.858695652173913 0.6612576064908722 0.8885869565217391 0.5821501014198783 0.8451086956521738 0.5517241379310345 0.8043478260869565 0.5618661257606491 0.8152173913043478 0.6693711967545639 0.8288043478260869 0.691683569979716
2 0.9320652173913043 0.7221095334685599 0.9755434782608695 0.7363083164300203 0.9972826086956521 0.7342799188640974 0.9972826086956521 0.6774847870182555 0.9239130434782609 0.6734279918864097 0.904891304347826 0.6815415821501014 0.904891304347826 0.7018255578093306 0.9320652173913043 0.7221095334685599
2 0.9347826086956521 0.8559837728194726 0.9157608695652174 0.8073022312373225 0.8831521739130435 0.7768762677484787 0.8614130434782609 0.768762677484787 0.858695652173913 0.8417849898580122 0.9347826086956521 0.8559837728194726
2 0.9021739130434783 0.7565922920892495 0.9347826086956521 0.7403651115618661 0.9402173913043478 0.7302231237322515 0.8994565217391304 0.7038539553752535 0.8505434782608695 0.7018255578093306 0.8614130434782609 0.7626774847870182 0.9021739130434783 0.7565922920892495
2 0.7907608695652174 0.6795131845841785 0.8097826086956521 0.6795131845841785 0.7989130434782609 0.5598377281947262 0.7608695652173912 0.5943204868154158 0.7581521739130435 0.6531440162271805 0.7907608695652174 0.6795131845841785
2 0.7527173913043478 0.7322515212981744 0.7717391304347826 0.7363083164300203 0.7880434782608695 0.7302231237322515 0.7853260869565217 0.7058823529411764 0.7364130434782609 0.7058823529411764 0.7364130434782609 0.7221095334685599 0.7527173913043478 0.7322515212981744
2 0.7282608695652174 0.6957403651115619 0.796195652173913 0.6957403651115619 0.7934782608695652 0.6835699797160243 0.7418478260869565 0.6551724137931034 0.7282608695652174 0.6551724137931034 0.7282608695652174 0.6957403651115619
2 0.9184782608695652 0.9776876267748479 0.967391304347826 0.997971602434077 0.9972826086956521 0.997971602434077 0.9972826086956521 0.9330628803245435 0.9347826086956521 0.9513184584178499 0.9157608695652174 0.9675456389452333 0.9184782608695652 0.9776876267748479
2 0.8532608695652174 0.9655172413793103 0.8967391304347826 0.9513184584178499 0.9130434782608695 0.9269776876267748 0.9103260869565217 0.8985801217038539 0.8913043478260869 0.8864097363083164 0.842391304347826 0.8904665314401623 0.8097826086956521 0.9168356997971603 0.8152173913043478 0.9411764705882353 0.8532608695652174 0.9655172413793103
2 0.6630434782608695 0.997971602434077 0.6494565217391304 0.9634888438133874 0.6114130434782609 0.9371196754563894 0.5652173913043478 0.9411764705882353 0.5543478260869565 0.9513184584178499 0.5543478260869565 0.997971602434077 0.6630434782608695 0.997971602434077
2 0.33152173913043476 0.8397565922920892 0.3641304347826087 0.8194726166328601 0.3858695652173913 0.7890466531440162 0.40217391304347827 0.6795131845841785 0.38315217391304346 0.6531440162271805 0.3559782608695652 0.6531440162271805 0.33695652173913043 0.6673427991886409 0.29891304347826086 0.7403651115618661 0.3016304347826087 0.8032454361054766 0.33152173913043476 0.8397565922920892
2 0.08967391304347826 0.6511156186612576 0.125 0.6734279918864097 0.13043478260869565 0.6957403651115619 0.16032608695652173 0.7058823529411764 0.22554347826086957 0.6977687626774848 0.3070652173913043 0.6754563894523327 0.32065217391304346 0.6612576064908722 0.32065217391304346 0.6328600405679513 0.30434782608695654 0.6227180527383367 0.21467391304347824 0.6146044624746451 0.14130434782608695 0.6206896551724138 0.05434782608695652 0.6430020283975659 0.048913043478260865 0.6531440162271805 0.08967391304347826 0.6511156186612576
2 0.33967391304347827 0.6348884381338742 0.38315217391304346 0.6308316430020284 0.38858695652173914 0.5943204868154158 0.30434782608695654 0.5963488843813387 0.3070652173913043 0.6125760649087221 0.33967391304347827 0.6348884381338742
2 0.266304347826087 0.5557809330628803 0.34782608695652173 0.5294117647058824 0.30978260869565216 0.4989858012170385 0.28532608695652173 0.486815415821501 0.25815217391304346 0.4847870182555781 0.2554347826086956 0.5294117647058824 0.266304347826087 0.5557809330628803
5 0.29891304347826086 0.592292089249493 0.37771739130434784 0.5882352941176471 0.4809782608695652 0.5740365111561866 0.4891304347826087 0.5578093306288032 0.47282608695652173 0.5314401622718052 0.4076086956521739 0.5233265720081136 0.30978260869565216 0.5415821501014199 0.24456521739130435 0.5760649087221095 0.23369565217391303 0.5862068965517241 0.29891304347826086 0.592292089249493
5 0.5163043478260869 0.7667342799188641 0.5135869565217391 0.8275862068965517 0.5570652173913043 0.7464503042596349 0.5652173913043478 0.6389452332657201 0.532608695652174 0.6024340770791075 0.483695652173913 0.5983772819472617 0.4592391304347826 0.6409736308316429 0.4592391304347826 0.6795131845841785 0.5163043478260869 0.7667342799188641
5 0.5190217391304348 0.5821501014198783 0.6494565217391304 0.6450304259634888 0.717391304347826 0.6612576064908722 0.6766304347826086 0.6064908722109533 0.6141304347826086 0.563894523326572 0.5434782608695652 0.5415821501014199 0.5108695652173912 0.5557809330628803 0.5054347826086957 0.565922920892495 0.5190217391304348 0.5821501014198783
5 0.48641304347826086 0.5172413793103449 0.4782608695652174 0.486815415821501 0.4429347826086956 0.4685598377281947 0.375 0.46653144016227177 0.33695652173913043 0.4746450304259635 0.36141304347826086 0.4908722109533469 0.48641304347826086 0.5172413793103449
5 0.5543478260869565 0.5334685598377282 0.6168478260869565 0.5415821501014199 0.6766304347826086 0.5354969574036511 0.6630434782608695 0.5212981744421906 0.595108695652174 0.4949290060851927 0.5570652173913043 0.49290060851926976 0.5163043478260869 0.5050709939148073 0.5081521739130435 0.5192697768762677 0.5543478260869565 0.5334685598377282
5 0.6032608695652174 0.4117647058823529 0.6657608695652174 0.43407707910750504 0.7907608695652174 0.4239350912778905 0.7472826086956521 0.39148073022312374 0.6902173913043478 0.3711967545638945 0.6114130434782609 0.3711967545638945 0.5815217391304348 0.39148073022312374 0.5788043478260869 0.3975659229208925 0.6032608695652174 0.4117647058823529
5 0.4945652173913043 0.38539553752535494 0.5489130434782609 0.3995943204868154 0.5679347826086957 0.39148073022312374 0.5706521739130435 0.37322515212981744 0.5489130434782609 0.3529411764705882 0.4918478260869565 0.34685598377281945 0.48641304347826086 0.35496957403651114 0.483695652173913 0.3772819472616633 0.4945652173913043 0.38539553752535494
5 0.6358695652173912 0.3306288032454361 0.6304347826086957 0.3407707910750507 0.657608695652174 0.3488843813387424 0.7146739130434783 0.2961460446247465 0.7309782608695652 0.22920892494929007 0.6902173913043478 0.22718052738336714 0.592391304347826 0.25963488843813387 0.592391304347826 0.27586206896551724 0.6358695652173912 0.3306288032454361
5 0.5679347826086957 0.26369168356997974 0.5788043478260869 0.2616632860040568 0.595108695652174 0.23123732251521298 0.5896739130434783 0.20081135902636915 0.5733695652173912 0.18864097363083165 0.5027173913043478 0.16835699797160242 0.5407608695652174 0.2028397565922921 0.5679347826086957 0.26369168356997974
5 0.4891304347826087 0.2697768762677485 0.5217391304347826 0.28803245436105473 0.5244565217391304 0.2535496957403651 0.49728260869565216 0.23123732251521298 0.46739130434782605 0.22920892494929007 0.46467391304347827 0.24137931034482757 0.4891304347826087 0.2697768762677485