5 0.17534246484375 0.641547861328125 0.210958904296875 0.643584521484375 0.254794521484375 0.584521384765625 0.254794521484375 0.570264765625 0.230136986328125 0.560081466796875 0.13698630078125 0.582484724609375 0.10136986328125 0.647657841796875 0.131506849609375 0.65173116015625 0.17534246484375 0.641547861328125
5 0.241095890625 0.678207740234375 0.328767123046875 0.63340122265625 0.345205478515625 0.60692464453125 0.34246575390625 0.57230142578125 0.3150684921875 0.5437881875 0.273972603515625 0.553971486328125 0.26301369921875 0.59877800390625 0.2356164375 0.645621181640625 0.241095890625 0.678207740234375
5 0.312328767578125 0.527494908203125 0.312328767578125 0.507128310546875 0.227397259765625 0.45010183203125 0.14246575390625 0.441955193359375 0.158904109375 0.474541751953125 0.273972603515625 0.5397148671875 0.312328767578125 0.527494908203125
5 0.3643835625 0.6272912421875 0.391780822265625 0.59877800390625 0.389041095703125 0.560081466796875 0.3616438359375 0.529531568359375 0.334246576171875 0.54582484765625 0.347945205078125 0.57841140625 0.347945205078125 0.613034623046875 0.3643835625 0.6272912421875
5 0.6383561640625 0.51120162890625 0.610958904296875 0.53767820703125 0.613698630859375 0.556008146484375 0.62465753515625 0.562118126953125 0.676712328125 0.562118126953125 0.7616438359375 0.580448064453125 0.789041095703125 0.5743380859375 0.8027397265625 0.558044806640625 0.794520548828125 0.562118126953125 0.734246576171875 0.54582484765625 0.709589041015625 0.523421587890625 0.673972603515625 0.50916496875 0.6383561640625 0.51120162890625
5 0.627397259765625 0.590631365234375 0.594520548828125 0.523421587890625 0.567123287109375 0.51934826953125 0.5616438359375 0.580448064453125 0.586301369140625 0.604887984375 0.62191780859375 0.610997962890625 0.627397259765625 0.590631365234375
5 0.687671232421875 0.46232179296875 0.690410958984375 0.441955193359375 0.62465753515625 0.441955193359375 0.58356164453125 0.507128310546875 0.610958904296875 0.507128310546875 0.654794521484375 0.492871689453125 0.687671232421875 0.46232179296875
5 0.42191780859375 0.327902240234375 0.45753424609375 0.358452138671875 0.4794520546875 0.360488798828125 0.506849314453125 0.34419551953125 0.5205479453125 0.31568228125 0.51780821875 0.276985744140625 0.50136986328125 0.248472505859375 0.46301369921875 0.213849287109375 0.4 0.17515275 0.4 0.29124236328125 0.42191780859375 0.327902240234375
2 0.641095890625 0.68635437890625 0.654794521484375 0.704684318359375 0.73698630078125 0.7413441953125 0.805479451171875 0.733197556640625 0.8027397265625 0.706720978515625 0.772602740234375 0.672097759765625 0.728767123046875 0.647657841796875 0.676712328125 0.645621181640625 0.6438356171875 0.665987779296875 0.641095890625 0.68635437890625
2 0.53698630078125 0.792260693359375 0.605479451171875 0.755600814453125 0.61643835546875 0.72097759765625 0.608219177734375 0.68431771875 0.558904109375 0.668024439453125 0.506849314453125 0.672097759765625 0.4356164375 0.723014255859375 0.4849315078125 0.77393075390625 0.53698630078125 0.792260693359375
2 0.358904109375 0.816700611328125 0.38082191796875 0.845213849609375 0.410958904296875 0.85336048828125 0.4438356171875 0.843177189453125 0.471232876953125 0.808553970703125 0.468493150390625 0.7678207734375 0.449315068359375 0.74338085546875 0.427397259765625 0.737270875 0.37808219140625 0.757637474609375 0.358904109375 0.792260693359375 0.358904109375 0.816700611328125
2 0.2383561640625 0.8289205703125 0.28219178125 0.8553971484375 0.312328767578125 0.851323828125 0.350684931640625 0.808553970703125 0.3616438359375 0.759674134765625 0.30410958984375 0.74338085546875 0.246575341796875 0.753564154296875 0.22465753515625 0.7759674140625 0.22465753515625 0.8065173125 0.2383561640625 0.8289205703125
2 0.312328767578125 0.7413441953125 0.38356164453125 0.74745417578125 0.41643835546875 0.733197556640625 0.430136986328125 0.71690427734375 0.427397259765625 0.69042769921875 0.389041095703125 0.65987780078125 0.326027396484375 0.6537678203125 0.290410958984375 0.6802443984375 0.2849315078125 0.71283095703125 0.312328767578125 0.7413441953125
2 0.46301369921875 0.9164969453125 0.471232876953125 0.957230142578125 0.490410958984375 0.961303462890625 0.569863013671875 0.94704684375 0.5972602734375 0.928716904296875 0.62465753515625 0.87983706640625 0.62465753515625 0.832993890625 0.6 0.792260693359375 0.57808219140625 0.782077392578125 0.5616438359375 0.788187373046875 0.476712328125 0.88391038671875 0.46301369921875 0.9164969453125