4 0.4453125 0.5986328125 0.4736328125 0.5947265625 0.5263671875 0.599609375 0.587890625 0.6259765625 0.6455078125 0.619140625 0.67578125 0.5986328125 0.705078125 0.5595703125 0.71875 0.5166015625 0.72265625 0.4775390625 0.7041015625 0.4580078125 0.65625 0.4296875 0.638671875 0.427734375 0.583984375 0.4091796875 0.5380859375 0.40625 0.5068359375 0.4208984375 0.498046875 0.4453125 0.474609375 0.4658203125 0.447265625 0.5126953125 0.4384765625 0.55859375 0.4384765625 0.5888671875 0.4453125 0.5986328125
5 0.4365234375 0.7587890625 0.4541015625 0.79296875 0.4560546875 0.8193359375 0.462890625 0.8212890625 0.478515625 0.810546875 0.4853515625 0.82421875 0.4765625 0.8564453125 0.490234375 0.85546875 0.509765625 0.84375 0.5810546875 0.8310546875 0.607421875 0.8125 0.6181640625 0.7900390625 0.6220703125 0.763671875 0.462890625 0.626953125 0.455078125 0.6318359375 0.4521484375 0.6513671875 0.4375 0.6806640625 0.431640625 0.712890625 0.4365234375 0.7587890625
4 0.3671875 0.775390625 0.3662109375 0.78125 0.3603515625 0.78515625 0.3515625 0.779296875 0.345703125 0.7802734375 0.3447265625 0.7900390625 0.3544921875 0.828125 0.3740234375 0.859375 0.412109375 0.890625 0.4287109375 0.91015625 0.447265625 0.8095703125 0.4453125 0.7890625 0.4306640625 0.74609375 0.4287109375 0.701171875 0.4306640625 0.681640625 0.44921875 0.6513671875 0.451171875 0.62890625 0.4365234375 0.6005859375 0.4345703125 0.583984375 0.4150390625 0.560546875 0.388671875 0.5791015625 0.359375 0.6259765625 0.34375 0.666015625 0.33984375 0.6923828125 0.337890625 0.73046875 0.3671875 0.775390625
2 0.7060546875 0.4423828125 0.705078125 0.4501953125 0.7119140625 0.462890625 0.724609375 0.4736328125 0.7275390625 0.482421875 0.7080078125 0.568359375 0.7275390625 0.591796875 0.7431640625 0.59765625 0.7509765625 0.59375 0.76953125 0.56640625 0.7861328125 0.525390625 0.818359375 0.3935546875 0.8173828125 0.353515625 0.7958984375 0.337890625 0.765625 0.3408203125 0.736328125 0.369140625 0.712890625 0.4091796875 0.71484375 0.431640625 0.7060546875 0.4423828125
2 0.7783203125 0.314453125 0.78515625 0.32421875 0.8134765625 0.337890625 0.8427734375 0.3310546875 0.8671875 0.3154296875 0.888671875 0.2861328125 0.916015625 0.2333984375 0.92578125 0.1533203125 0.9208984375 0.1259765625 0.9150390625 0.1181640625 0.8974609375 0.1103515625 0.8681640625 0.111328125 0.837890625 0.1240234375 0.8037109375 0.1591796875 0.7919921875 0.177734375 0.7783203125 0.2138671875 0.771484375 0.2451171875 0.7705078125 0.2861328125 0.7783203125 0.314453125
2 0.9072265625 0.654296875 0.9169921875 0.6826171875 0.9404296875 0.6953125 0.9609375 0.7001953125 0.9990234375 0.689453125 0.9990234375 0.3876953125 0.9833984375 0.384765625 0.9658203125 0.3896484375 0.9169921875 0.4248046875 0.90234375 0.4599609375 0.8896484375 0.5048828125 0.8798828125 0.5703125 0.8818359375 0.6171875 0.9072265625 0.654296875
2 0.5908203125 0.9990234375 0.5888671875 0.9814453125 0.55078125 0.916015625 0.521484375 0.89453125 0.482421875 0.884765625 0.4755859375 0.87890625 0.4599609375 0.8798828125 0.435546875 0.8896484375 0.431640625 0.91796875 0.43359375 0.93359375 0.42578125 0.9560546875 0.4228515625 0.9990234375 0.5908203125 0.9990234375
2 0.3681640625 0.470703125 0.37890625 0.4755859375 0.404296875 0.478515625 0.435546875 0.466796875 0.45703125 0.470703125 0.4609375 0.4658203125 0.46484375 0.4384765625 0.4599609375 0.4267578125 0.4189453125 0.3916015625 0.4072265625 0.390625 0.37890625 0.4033203125 0.35546875 0.4248046875 0.35546875 0.4560546875 0.3681640625 0.470703125
2 0.201171875 0.4638671875 0.2119140625 0.470703125 0.21875 0.4560546875 0.220703125 0.431640625 0.2529296875 0.353515625 0.26171875 0.302734375 0.26171875 0.203125 0.2412109375 0.1083984375 0.2353515625 0.1123046875 0.2158203125 0.1572265625 0.2060546875 0.1943359375 0.19140625 0.3720703125 0.189453125 0.4287109375 0.201171875 0.4638671875
2 0.2099609375 0.9990234375 0.220703125 0.9873046875 0.23046875 0.9658203125 0.2255859375 0.90625 0.1923828125 0.8720703125 0.169921875 0.8720703125 0.158203125 0.8759765625 0.1396484375 0.89453125 0.1337890625 0.9208984375 0.1337890625 0.9453125 0.123046875 0.9853515625 0.1220703125 0.9990234375 0.2099609375 0.9990234375
2 0.216796875 0.82421875 0.2333984375 0.8447265625 0.255859375 0.859375 0.2880859375 0.8134765625 0.3037109375 0.783203125 0.3037109375 0.74609375 0.318359375 0.7255859375 0.3310546875 0.71484375 0.33203125 0.7001953125 0.310546875 0.689453125 0.2998046875 0.689453125 0.2822265625 0.69921875 0.275390625 0.697265625 0.26171875 0.703125 0.2578125 0.7099609375 0.2431640625 0.7158203125 0.2216796875 0.7373046875 0.20703125 0.7724609375 0.20703125 0.7939453125 0.216796875 0.82421875