2 0.78904665234375 0.385869564453125 0.8194726171875 0.364130435546875 0.839756591796875 0.33152173828125 0.8012170390625 0.301630435546875 0.742393509765625 0.29891304296875 0.667342798828125 0.336956521484375 0.653144015625 0.35597826171875 0.653144015625 0.383152173828125 0.677484787109375 0.402173912109375 0.78904665234375 0.385869564453125
2 0.91683569921875 0.494565216796875 0.847870181640625 0.445652173828125 0.8377281953125 0.445652173828125 0.8377281953125 0.489130435546875 0.866125759765625 0.567934783203125 0.896551724609375 0.600543478515625 0.9290060859375 0.5951086953125 0.93509127734375 0.527173912109375 0.91683569921875 0.494565216796875
2 0.951318458984375 0.807065216796875 0.9655172421875 0.760869564453125 0.957403650390625 0.695652173828125 0.9290060859375 0.646739130859375 0.894523326171875 0.63858695703125 0.88032454296875 0.67119565234375 0.878296146484375 0.709239130859375 0.886409736328125 0.744565216796875 0.9269776875 0.801630435546875 0.951318458984375 0.807065216796875
2 0.823529412109375 0.663043478515625 0.829614603515625 0.625 0.823529412109375 0.614130435546875 0.77281947265625 0.60869565234375 0.726166328125 0.665760869140625 0.70791075 0.709239130859375 0.711967544921875 0.725543478515625 0.778904666015625 0.70380434765625 0.823529412109375 0.663043478515625
2 0.894523326171875 0.60869565234375 0.8559837734375 0.565217390625 0.81744421875 0.54619565234375 0.799188640625 0.54891304296875 0.784989857421875 0.573369564453125 0.79107505078125 0.5923913046875 0.84584178515625 0.635869564453125 0.870182556640625 0.63858695703125 0.894523326171875 0.60869565234375
2 0.872210953125 0.70108695703125 0.872210953125 0.665760869140625 0.847870181640625 0.66847826171875 0.815415822265625 0.711956521484375 0.81135902734375 0.744565216796875 0.81744421875 0.752717390625 0.84381338671875 0.739130435546875 0.872210953125 0.70108695703125
2 0.876267748046875 0.8451086953125 0.90060851953125 0.820652173828125 0.89858012109375 0.809782609375 0.86206896484375 0.7826086953125 0.784989857421875 0.7798913046875 0.7099391484375 0.804347826171875 0.70791075 0.839673912109375 0.740365111328125 0.853260869140625 0.84381338671875 0.85597826171875 0.876267748046875 0.8451086953125
2 0.669371197265625 0.815217390625 0.561866125 0.804347826171875 0.551724138671875 0.8451086953125 0.5821501015625 0.88858695703125 0.661257607421875 0.85869565234375 0.6916835703125 0.82880434765625 0.669371197265625 0.815217390625
2 0.722109533203125 0.932065216796875 0.70182555859375 0.9048913046875 0.68154158203125 0.9048913046875 0.6734279921875 0.92391304296875 0.677484787109375 0.997282609375 0.73427991796875 0.997282609375 0.73630831640625 0.975543478515625 0.722109533203125 0.932065216796875
2 0.768762677734375 0.86141304296875 0.776876267578125 0.883152173828125 0.80730223046875 0.915760869140625 0.8559837734375 0.934782609375 0.841784990234375 0.85869565234375 0.768762677734375 0.86141304296875
2 0.762677484375 0.86141304296875 0.70182555859375 0.850543478515625 0.703853955078125 0.899456521484375 0.730223123046875 0.940217390625 0.740365111328125 0.934782609375 0.75659229296875 0.902173912109375 0.762677484375 0.86141304296875
2 0.594320486328125 0.760869564453125 0.559837728515625 0.79891304296875 0.679513185546875 0.809782609375 0.679513185546875 0.790760869140625 0.653144015625 0.758152173828125 0.594320486328125 0.760869564453125
2 0.722109533203125 0.73641304296875 0.705882353515625 0.73641304296875 0.705882353515625 0.785326087890625 0.730223123046875 0.788043478515625 0.73630831640625 0.771739130859375 0.732251521484375 0.752717390625 0.722109533203125 0.73641304296875
2 0.6551724140625 0.741847826171875 0.68356998046875 0.79347826171875 0.695740365234375 0.79619565234375 0.695740365234375 0.728260869140625 0.6551724140625 0.728260869140625 0.6551724140625 0.741847826171875
2 0.967545638671875 0.915760869140625 0.951318458984375 0.934782609375 0.933062880859375 0.997282609375 0.9979716015625 0.997282609375 0.9979716015625 0.9673913046875 0.977687626953125 0.91847826171875 0.967545638671875 0.915760869140625
2 0.951318458984375 0.896739130859375 0.9655172421875 0.853260869140625 0.941176470703125 0.815217390625 0.91683569921875 0.809782609375 0.89046653125 0.8423913046875 0.886409736328125 0.89130434765625 0.89858012109375 0.910326087890625 0.9269776875 0.913043478515625 0.951318458984375 0.896739130859375
2 0.9979716015625 0.554347826171875 0.951318458984375 0.554347826171875 0.941176470703125 0.565217390625 0.93711967578125 0.61141304296875 0.96348884375 0.649456521484375 0.9979716015625 0.663043478515625 0.9979716015625 0.554347826171875
2 0.78904665234375 0.385869564453125 0.8194726171875 0.364130435546875 0.839756591796875 0.33152173828125 0.803245435546875 0.301630435546875 0.740365111328125 0.29891304296875 0.667342798828125 0.336956521484375 0.653144015625 0.35597826171875 0.653144015625 0.383152173828125 0.679513185546875 0.402173912109375 0.78904665234375 0.385869564453125
2 0.661257607421875 0.320652173828125 0.675456388671875 0.307065216796875 0.69776876171875 0.225543478515625 0.705882353515625 0.160326087890625 0.695740365234375 0.130434783203125 0.6734279921875 0.125 0.651115619140625 0.089673912109375 0.653144015625 0.04891304296875 0.643002029296875 0.054347826171875 0.620689654296875 0.14130434765625 0.614604462890625 0.214673912109375 0.622718052734375 0.304347826171875 0.632860041015625 0.320652173828125 0.661257607421875 0.320652173828125
2 0.596348884765625 0.304347826171875 0.594320486328125 0.38858695703125 0.630831642578125 0.383152173828125 0.6348884375 0.339673912109375 0.612576064453125 0.307065216796875 0.596348884765625 0.304347826171875
2 0.529411765625 0.255434783203125 0.484787017578125 0.258152173828125 0.486815416015625 0.285326087890625 0.49898580078125 0.309782609375 0.529411765625 0.347826087890625 0.55578093359375 0.26630434765625 0.529411765625 0.255434783203125
5 0.57403651171875 0.48097826171875 0.588235294921875 0.377717390625 0.59229208984375 0.29891304296875 0.586206896484375 0.23369565234375 0.576064908203125 0.244565216796875 0.541582150390625 0.309782609375 0.523326572265625 0.4076086953125 0.531440162109375 0.472826087890625 0.557809330078125 0.489130435546875 0.57403651171875 0.48097826171875
5 0.82758620703125 0.51358695703125 0.766734279296875 0.51630434765625 0.679513185546875 0.459239130859375 0.640973630859375 0.459239130859375 0.59837728125 0.48369565234375 0.602434076171875 0.5326086953125 0.638945232421875 0.565217390625 0.7464503046875 0.557065216796875 0.82758620703125 0.51358695703125
5 0.64503042578125 0.649456521484375 0.5821501015625 0.51902173828125 0.565922919921875 0.505434783203125 0.55578093359375 0.510869564453125 0.541582150390625 0.54347826171875 0.5638945234375 0.614130435546875 0.606490873046875 0.676630435546875 0.661257607421875 0.7173913046875 0.64503042578125 0.649456521484375
5 0.4908722109375 0.36141304296875 0.47464503125 0.336956521484375 0.466531439453125 0.375 0.468559837890625 0.442934783203125 0.486815416015625 0.478260869140625 0.51724137890625 0.48641304296875 0.4908722109375 0.36141304296875
5 0.541582150390625 0.616847826171875 0.533468560546875 0.554347826171875 0.51926977734375 0.508152173828125 0.505070994140625 0.51630434765625 0.492900609375 0.557065216796875 0.494929005859375 0.5951086953125 0.521298173828125 0.663043478515625 0.53549695703125 0.676630435546875 0.541582150390625 0.616847826171875
5 0.434077080078125 0.665760869140625 0.411764705078125 0.603260869140625 0.397565923828125 0.57880434765625 0.39148073046875 0.58152173828125 0.37119675390625 0.61141304296875 0.37119675390625 0.690217390625 0.39148073046875 0.747282609375 0.423935091796875 0.790760869140625 0.434077080078125 0.665760869140625
5 0.3995943203125 0.54891304296875 0.385395537109375 0.494565216796875 0.377281947265625 0.48369565234375 0.35496957421875 0.48641304296875 0.346855984375 0.491847826171875 0.35294117578125 0.54891304296875 0.37322515234375 0.570652173828125 0.39148073046875 0.567934783203125 0.3995943203125 0.54891304296875
5 0.340770791015625 0.630434783203125 0.330628802734375 0.635869564453125 0.275862068359375 0.5923913046875 0.259634888671875 0.5923913046875 0.22718052734375 0.690217390625 0.22920892578125 0.73097826171875 0.296146044921875 0.714673912109375 0.348884380859375 0.6576086953125 0.340770791015625 0.630434783203125
5 0.26369168359375 0.567934783203125 0.202839755859375 0.540760869140625 0.168356998046875 0.502717390625 0.18864097265625 0.573369564453125 0.200811359375 0.589673912109375 0.231237322265625 0.5951086953125 0.26166328515625 0.57880434765625 0.26369168359375 0.567934783203125
5 0.241379310546875 0.464673912109375 0.22920892578125 0.4673913046875 0.231237322265625 0.497282609375 0.2535496953125 0.524456521484375 0.288032455078125 0.521739130859375 0.269776876953125 0.489130435546875 0.241379310546875 0.464673912109375