2 0.8194726171875 0.635869564453125 0.78904665234375 0.614130435546875 0.677484787109375 0.597826087890625 0.653144015625 0.616847826171875 0.653144015625 0.64402173828125 0.667342798828125 0.663043478515625 0.742393509765625 0.70108695703125 0.8012170390625 0.698369564453125 0.839756591796875 0.66847826171875 0.8194726171875 0.635869564453125
2 0.93509127734375 0.472826087890625 0.9290060859375 0.4048913046875 0.896551724609375 0.399456521484375 0.866125759765625 0.432065216796875 0.8377281953125 0.510869564453125 0.8377281953125 0.554347826171875 0.847870181640625 0.554347826171875 0.91683569921875 0.505434783203125 0.93509127734375 0.472826087890625
2 0.9655172421875 0.239130435546875 0.951318458984375 0.192934783203125 0.9269776875 0.198369564453125 0.886409736328125 0.255434783203125 0.878296146484375 0.290760869140625 0.88032454296875 0.32880434765625 0.894523326171875 0.36141304296875 0.9290060859375 0.353260869140625 0.957403650390625 0.304347826171875 0.9655172421875 0.239130435546875
2 0.778904666015625 0.29619565234375 0.711967544921875 0.274456521484375 0.70791075 0.290760869140625 0.726166328125 0.334239130859375 0.77281947265625 0.39130434765625 0.823529412109375 0.385869564453125 0.829614603515625 0.375 0.823529412109375 0.336956521484375 0.778904666015625 0.29619565234375
2 0.870182556640625 0.36141304296875 0.84584178515625 0.364130435546875 0.79107505078125 0.4076086953125 0.784989857421875 0.426630435546875 0.799188640625 0.45108695703125 0.81744421875 0.45380434765625 0.8559837734375 0.434782609375 0.894523326171875 0.39130434765625 0.870182556640625 0.36141304296875
2 0.81135902734375 0.255434783203125 0.815415822265625 0.288043478515625 0.847870181640625 0.33152173828125 0.872210953125 0.334239130859375 0.872210953125 0.29891304296875 0.84381338671875 0.260869564453125 0.81744421875 0.247282609375 0.81135902734375 0.255434783203125
2 0.90060851953125 0.179347826171875 0.876267748046875 0.1548913046875 0.84381338671875 0.14402173828125 0.740365111328125 0.146739130859375 0.70791075 0.160326087890625 0.7099391484375 0.195652173828125 0.784989857421875 0.2201086953125 0.86206896484375 0.2173913046875 0.89858012109375 0.190217390625 0.90060851953125 0.179347826171875
2 0.561866125 0.195652173828125 0.669371197265625 0.184782609375 0.6916835703125 0.17119565234375 0.661257607421875 0.14130434765625 0.5821501015625 0.11141304296875 0.551724138671875 0.1548913046875 0.561866125 0.195652173828125
2 0.677484787109375 0.002717390625 0.6734279921875 0.07608695703125 0.68154158203125 0.0951086953125 0.70182555859375 0.0951086953125 0.722109533203125 0.067934783203125 0.73630831640625 0.024456521484375 0.73427991796875 0.002717390625 0.677484787109375 0.002717390625
2 0.8559837734375 0.065217390625 0.80730223046875 0.084239130859375 0.776876267578125 0.116847826171875 0.768762677734375 0.13858695703125 0.841784990234375 0.14130434765625 0.8559837734375 0.065217390625
2 0.70182555859375 0.149456521484375 0.762677484375 0.13858695703125 0.75659229296875 0.097826087890625 0.740365111328125 0.065217390625 0.730223123046875 0.059782609375 0.703853955078125 0.100543478515625 0.70182555859375 0.149456521484375
2 0.679513185546875 0.209239130859375 0.679513185546875 0.190217390625 0.559837728515625 0.20108695703125 0.594320486328125 0.239130435546875 0.653144015625 0.241847826171875 0.679513185546875 0.209239130859375
2 0.705882353515625 0.26358695703125 0.722109533203125 0.26358695703125 0.732251521484375 0.247282609375 0.73630831640625 0.228260869140625 0.730223123046875 0.211956521484375 0.705882353515625 0.214673912109375 0.705882353515625 0.26358695703125
2 0.695740365234375 0.271739130859375 0.695740365234375 0.20380434765625 0.68356998046875 0.20652173828125 0.6551724140625 0.258152173828125 0.6551724140625 0.271739130859375 0.695740365234375 0.271739130859375
2 0.951318458984375 0.065217390625 0.967545638671875 0.084239130859375 0.977687626953125 0.08152173828125 0.9979716015625 0.0326086953125 0.9979716015625 0.002717390625 0.933062880859375 0.002717390625 0.951318458984375 0.065217390625
2 0.9269776875 0.086956521484375 0.89858012109375 0.089673912109375 0.886409736328125 0.10869565234375 0.89046653125 0.1576086953125 0.91683569921875 0.190217390625 0.941176470703125 0.184782609375 0.9655172421875 0.146739130859375 0.951318458984375 0.103260869140625 0.9269776875 0.086956521484375
2 0.951318458984375 0.445652173828125 0.9979716015625 0.445652173828125 0.9979716015625 0.336956521484375 0.96348884375 0.350543478515625 0.93711967578125 0.38858695703125 0.941176470703125 0.434782609375 0.951318458984375 0.445652173828125
2 0.8194726171875 0.635869564453125 0.78904665234375 0.614130435546875 0.679513185546875 0.597826087890625 0.653144015625 0.616847826171875 0.653144015625 0.64402173828125 0.667342798828125 0.663043478515625 0.740365111328125 0.70108695703125 0.803245435546875 0.698369564453125 0.839756591796875 0.66847826171875 0.8194726171875 0.635869564453125
2 0.620689654296875 0.85869565234375 0.643002029296875 0.945652173828125 0.653144015625 0.95108695703125 0.651115619140625 0.910326087890625 0.6734279921875 0.875 0.695740365234375 0.869565216796875 0.705882353515625 0.839673912109375 0.69776876171875 0.774456521484375 0.675456388671875 0.692934783203125 0.661257607421875 0.679347826171875 0.632860041015625 0.679347826171875 0.622718052734375 0.695652173828125 0.614604462890625 0.785326087890625 0.620689654296875 0.85869565234375
2 0.6348884375 0.660326087890625 0.630831642578125 0.616847826171875 0.594320486328125 0.61141304296875 0.596348884765625 0.695652173828125 0.612576064453125 0.692934783203125 0.6348884375 0.660326087890625
2 0.484787017578125 0.741847826171875 0.529411765625 0.744565216796875 0.55578093359375 0.73369565234375 0.529411765625 0.652173912109375 0.49898580078125 0.690217390625 0.486815416015625 0.714673912109375 0.484787017578125 0.741847826171875
5 0.588235294921875 0.622282609375 0.57403651171875 0.51902173828125 0.557809330078125 0.510869564453125 0.531440162109375 0.527173912109375 0.523326572265625 0.5923913046875 0.541582150390625 0.690217390625 0.576064908203125 0.755434783203125 0.586206896484375 0.76630434765625 0.59229208984375 0.70108695703125 0.588235294921875 0.622282609375
5 0.7464503046875 0.442934783203125 0.638945232421875 0.434782609375 0.602434076171875 0.4673913046875 0.59837728125 0.51630434765625 0.640973630859375 0.540760869140625 0.679513185546875 0.540760869140625 0.766734279296875 0.48369565234375 0.82758620703125 0.48641304296875 0.7464503046875 0.442934783203125
5 0.661257607421875 0.2826086953125 0.606490873046875 0.323369564453125 0.5638945234375 0.385869564453125 0.541582150390625 0.45652173828125 0.55578093359375 0.489130435546875 0.565922919921875 0.494565216796875 0.5821501015625 0.48097826171875 0.64503042578125 0.350543478515625 0.661257607421875 0.2826086953125
5 0.47464503125 0.663043478515625 0.4908722109375 0.63858695703125 0.51724137890625 0.51358695703125 0.486815416015625 0.521739130859375 0.468559837890625 0.557065216796875 0.466531439453125 0.625 0.47464503125 0.663043478515625
5 0.53549695703125 0.323369564453125 0.521298173828125 0.336956521484375 0.494929005859375 0.4048913046875 0.492900609375 0.442934783203125 0.505070994140625 0.48369565234375 0.51926977734375 0.491847826171875 0.533468560546875 0.445652173828125 0.541582150390625 0.383152173828125 0.53549695703125 0.323369564453125
5 0.423935091796875 0.209239130859375 0.39148073046875 0.252717390625 0.37119675390625 0.309782609375 0.37119675390625 0.38858695703125 0.39148073046875 0.41847826171875 0.397565923828125 0.42119565234375 0.411764705078125 0.396739130859375 0.434077080078125 0.334239130859375 0.423935091796875 0.209239130859375
5 0.39148073046875 0.432065216796875 0.37322515234375 0.429347826171875 0.35294117578125 0.45108695703125 0.346855984375 0.508152173828125 0.35496957421875 0.51358695703125 0.377281947265625 0.51630434765625 0.385395537109375 0.505434783203125 0.3995943203125 0.45108695703125 0.39148073046875 0.432065216796875
5 0.348884380859375 0.3423913046875 0.296146044921875 0.285326087890625 0.22920892578125 0.26902173828125 0.22718052734375 0.309782609375 0.259634888671875 0.4076086953125 0.275862068359375 0.4076086953125 0.330628802734375 0.364130435546875 0.340770791015625 0.369565216796875 0.348884380859375 0.3423913046875
5 0.200811359375 0.410326087890625 0.18864097265625 0.426630435546875 0.168356998046875 0.497282609375 0.202839755859375 0.459239130859375 0.26369168359375 0.432065216796875 0.26166328515625 0.42119565234375 0.231237322265625 0.4048913046875 0.200811359375 0.410326087890625
5 0.22920892578125 0.5326086953125 0.241379310546875 0.535326087890625 0.269776876953125 0.510869564453125 0.288032455078125 0.478260869140625 0.2535496953125 0.475543478515625 0.231237322265625 0.502717390625 0.22920892578125 0.5326086953125